[background.jpg]
filters=fill=1,0.738318;fill=1,0.757009;
moddate=7cfaa50b6bf0d001
width=1600
height=1200
textactive=0
